latitude=13.014826031028871
longitude=77.79430369528008
